    PID %CPU
  11525  8.2
   2953  5.0
  12027  3.0
   3494  2.9
  18043  2.8
  12071  2.2
  60222  2.1
  11469  2.0
  56360  1.3
  11827  1.1
  18022  1.1
  47268  1.0
  75659  0.9
   1240  0.7
   3199  0.7
  17988  0.7
  12072  0.6
  17589  0.6
  11413  0.4
  74755  0.4
   2730  0.3
  12102  0.3
  12151  0.3
  18110  0.3
  47370  0.3
  48543  0.3
  48690  0.3
  51623  0.3
  72726  0.3
    129  0.2
    929  0.2
   3817  0.2
  17860  0.2
  18124  0.2
  51406  0.2
  60270  0.2
  60400  0.2
  68383  0.2
      1  0.1
     14  0.1
    239  0.1
    647  0.1
   1435  0.1
   1705  0.1
   3148  0.1
  12175  0.1
  52988  0.1
  56089  0.1
  56389  0.1
  75417  0.1
  77533  0.1
      2  0.0
      3  0.0
      4  0.0
      5  0.0
      7  0.0
     10  0.0
     11  0.0
     12  0.0
     13  0.0
     15  0.0
     16  0.0
     17  0.0
     18  0.0
     19  0.0
     20  0.0
     21  0.0
     23  0.0
     24  0.0
     25  0.0
     26  0.0
     27  0.0
     29  0.0
     30  0.0
     31  0.0
     32  0.0
     33  0.0
     35  0.0
     36  0.0
     37  0.0
     38  0.0
     39  0.0
     41  0.0
     42  0.0
     43  0.0
     44  0.0
     45  0.0
     47  0.0
     48  0.0
     49  0.0
     50  0.0
     51  0.0
     53  0.0
     54  0.0
     55  0.0
     56  0.0
     57  0.0
     59  0.0
     60  0.0
     61  0.0
     62  0.0
     63  0.0
     64  0.0
     65  0.0
     66  0.0
     67  0.0
     68  0.0
    115  0.0
    116  0.0
    117  0.0
    119  0.0
    120  0.0
    122  0.0
    123  0.0
    124  0.0
    126  0.0
    127  0.0
    130  0.0
    132  0.0
    133  0.0
    139  0.0
    142  0.0
    143  0.0
    144  0.0
    145  0.0
    154  0.0
    157  0.0
    165  0.0
    187  0.0
    226  0.0
    228  0.0
    233  0.0
    234  0.0
    235  0.0
    236  0.0
    244  0.0
    245  0.0
    270  0.0
    271  0.0
    312  0.0
    372  0.0
    373  0.0
    438  0.0
    531  0.0
    532  0.0
    533  0.0
    534  0.0
    535  0.0
    536  0.0
    537  0.0
    538  0.0
    539  0.0
    540  0.0
    547  0.0
    607  0.0
    608  0.0
    609  0.0
    610  0.0
    648  0.0
    657  0.0
    877  0.0
    879  0.0
    886  0.0
    888  0.0
    891  0.0
    896  0.0
    904  0.0
    911  0.0
    914  0.0
    916  0.0
    919  0.0
    922  0.0
    924  0.0
    928  0.0
    933  0.0
    941  0.0
    959  0.0
    991  0.0
   1021  0.0
   1024  0.0
   1061  0.0
   1065  0.0
   1075  0.0
   1122  0.0
   1135  0.0
   1136  0.0
   1156  0.0
   1359  0.0
   1446  0.0
   1447  0.0
   1479  0.0
   1753  0.0
   1901  0.0
   1909  0.0
   1911  0.0
   2019  0.0
   2039  0.0
   2312  0.0
   2461  0.0
   2702  0.0
   2721  0.0
   2722  0.0
   2728  0.0
   2729  0.0
   2742  0.0
   2752  0.0
   2754  0.0
   2755  0.0
   2759  0.0
   2764  0.0
   2770  0.0
   2800  0.0
   2801  0.0
   2806  0.0
   2815  0.0
   2820  0.0
   2825  0.0
   2838  0.0
   2841  0.0
   2844  0.0
   2861  0.0
   2879  0.0
   2918  0.0
   2933  0.0
   2949  0.0
   2960  0.0
   2995  0.0
   3043  0.0
   3066  0.0
   3077  0.0
   3081  0.0
   3082  0.0
   3085  0.0
   3096  0.0
   3114  0.0
   3126  0.0
   3128  0.0
   3145  0.0
   3146  0.0
   3149  0.0
   3151  0.0
   3153  0.0
   3155  0.0
   3159  0.0
   3161  0.0
   3162  0.0
   3163  0.0
   3164  0.0
   3167  0.0
   3171  0.0
   3174  0.0
   3175  0.0
   3177  0.0
   3226  0.0
   3257  0.0
   3262  0.0
   3263  0.0
   3272  0.0
   3286  0.0
   3359  0.0
   3430  0.0
   3475  0.0
   3565  0.0
   3582  0.0
   3640  0.0
   3722  0.0
   3747  0.0
   3755  0.0
   3821  0.0
   4066  0.0
   4324  0.0
   8534  0.0
   8547  0.0
  11439  0.0
  11440  0.0
  11442  0.0
  11477  0.0
  11562  0.0
  11857  0.0
  12033  0.0
  12034  0.0
  12036  0.0
  12038  0.0
  12044  0.0
  12045  0.0
  12046  0.0
  12049  0.0
  12083  0.0
  17867  0.0
  17991  0.0
  17992  0.0
  17994  0.0
  18007  0.0
  18030  0.0
  18140  0.0
  18159  0.0
  18224  0.0
  23494  0.0
  23612  0.0
  24654  0.0
  28562  0.0
  29460  0.0
  38881  0.0
  42332  0.0
  43563  0.0
  44856  0.0
  44863  0.0
  44864  0.0
  45082  0.0
  45822  0.0
  45915  0.0
  45916  0.0
  46463  0.0
  47227  0.0
  47289  0.0
  47323  0.0
  47357  0.0
  47421  0.0
  48222  0.0
  48556  0.0
  48570  0.0
  48640  0.0
  48646  0.0
  48715  0.0
  48758  0.0
  48819  0.0
  51459  0.0
  51486  0.0
  51510  0.0
  51565  0.0
  51578  0.0
  51649  0.0
  51732  0.0
  52249  0.0
  53023  0.0
  53037  0.0
  54834  0.0
  54835  0.0
  55858  0.0
  56272  0.0
  56398  0.0
  56496  0.0
  56615  0.0
  56823  0.0
  59159  0.0
  59162  0.0
  59167  0.0
  60152  0.0
  60286  0.0
  60317  0.0
  60399  0.0
  62604  0.0
  66454  0.0
  66691  0.0
  67947  0.0
  67950  0.0
  67967  0.0
  67972  0.0
  67975  0.0
  67993  0.0
  68541  0.0
  68674  0.0
  68813  0.0
  68814  0.0
  68852  0.0
  68853  0.0
  69632  0.0
  69882  0.0
  69883  0.0
  69981  0.0
  69982  0.0
  70052  0.0
  70053  0.0
  70953  0.0
  70976  0.0
  71131  0.0
  71262  0.0
  71291  0.0
  71292  0.0
  71393  0.0
  71394  0.0
  71395  0.0
  71649  0.0
  72938  0.0
  73442  0.0
  73592  0.0
  73791  0.0
  73792  0.0
  73913  0.0
  74149  0.0
  74234  0.0
  74452  0.0
  74523  0.0
  74778  0.0
  75022  0.0
  75051  0.0
  75054  0.0
  75107  0.0
  75419  0.0
  75632  0.0
  75986  0.0
  75988  0.0
  76012  0.0
  76146  0.0
  76322  0.0
  76523  0.0
  76688  0.0
  76863  0.0
  76955  0.0
  77178  0.0
  77458  0.0
  77503  0.0
  77528  0.0
  77716  0.0
  77832  0.0
